zfz;ezfzfz;dzd;zd;Wed Jan 12 00:12:00 CET 1222
tranchant;eloi;0987654321;eloi;Tue Jan 21 00:22:00 CET 9992
lolo;jiji;1234567890;lolo;Mon Jan 21 00:22:00 CET 2222
dardillac;esteban;890;dardi;Wed Jan 21 00:42:00 CET 2004
sidzidh;efihziudf;dzihizhd;iuiojzhd;Thu Jan 12 00:00:00 CET 1223
zzihziuhiud;fziugdygziud;dizahiuzhd;hijzahouah;Sun Dec 12 00:00:00 CET 2004
zdzidgazidza;fhijzhcdzd;hziuausdishd;ziyazdichzagfh;Thu Mar 25 19:17:34 CET 11091585
zduhazdo;iufz;ziuzdizu;zihaziu;Sun Dec 12 00:00:00 CET 2004
iudhzud;nsudhz;null;ihzuzh;Fri Dec 12 00:00:00 CET 2200
